%YAML:1.0
cam_overlaps: []
camera_model: "pinhole"
focal: 8.9641246235520921e+03
D: [-0.2830088858305849, 0.1353401508767815, -0.0005040870884686496, -0.000176582493717214]
KMat: !!opencv-matrix
    rows:3
    cols:3
    dt:d
    data:[1039.788495388855, 0, 961.4873458747151, 0, 1045.3324681263186, 532.5995495852319, 0, 0, 1]
distortion_model: radtan
RMat: !!opencv-matrix
   rows: 3
   cols: 3
   dt: f
   data: [ 9.68042552e-01, 1.47019312e-01, -2.03171700e-01,
       1.61819160e-03, 8.06462348e-01, 5.91283202e-01, 2.50780344e-01,
       -5.72716117e-01, 7.80451894e-01 ]
EYEMat: !!opencv-matrix
    rows:3
    cols:3
    dt:u
    data:[1,0,0,0,1,0,0,0,1]
K: [1039.788495388855, 0, 961.4873458747151, 0, 1045.3324681263186, 532.5995495852319, 0, 0, 1]
R: [0.94629383, 0.053550854, -0.31884193, -0.00074613484, 0.9865464, 0.16348019, 0.32330686, -0.1544624, 0.93360269]
resolution: [1920, 1080]
rostopic: "/cam0/image_raw"

